  7.3366149e-001  8.5845749e-001 -1.2479600e-001  5.4482554e-001  9.1591756e-001  1.6829269e-001  6.2804734e-001  1.3294010e-001 -1.5195433e-002
  3.4945634e-001  2.6027353e-001  8.9182808e-002  2.2105628e-001  6.7499507e-001  1.4046112e-001  2.3872211e-002  5.5737874e-001  3.3553061e-002
  8.4054096e-001  7.1297722e-001  1.2756374e-001  9.4528947e-001  1.4127869e+000  5.3244975e-001  1.7342388e-002  3.7189558e-001  6.7023164e-002
  6.7787971e-002  4.5755778e-001 -3.8976981e-001  4.6458404e-001  2.9519679e-001  7.1254484e-003  5.3161288e-002  4.4905255e-001 -5.1667447e-002
  1.4328748e-001  5.1575869e-001 -3.7247121e-001  4.6775327e-001  3.2630242e-001  7.1766489e-002  7.6890537e-001  4.6660834e-001 -5.6710763e-002
  3.9701830e-001  3.2678166e-001  7.0236645e-002  7.6039598e-002  5.5362379e-001  8.5202922e-001  5.8947392e-001  1.7983682e-001  6.9928966e-003
  6.7878938e-002  3.9728885e-001 -3.2940991e-001  2.8901644e-001  2.1246092e-001  6.0303031e-001  4.1557460e-001  3.5250624e-001 -2.4670760e-002
  7.6936815e-001  5.1667836e-001  2.5268979e-001  8.2903532e-001  1.4447312e+000  3.9577584e-001  8.1725072e-001  8.3240948e-001  3.0388674e-001
  4.0305259e-001  5.3599198e-001 -1.3293939e-001  6.0025598e-001  7.4039180e-001  7.2706614e-001  8.1991097e-001  1.3104571e-002 -1.2898467e-003
  4.9280854e-001  9.7303594e-001 -4.8022740e-001  3.0264525e-001  2.5835605e-001  3.2102419e-002  4.4447429e-001  6.5054894e-001 -8.0713381e-002
  4.3307184e-001  9.9148570e-001 -5.5841386e-001  1.3921082e-001  1.3217171e-002  5.3839803e-001  9.8138206e-001  9.8246617e-001 -7.2512404e-003
  6.8049514e-001  8.0405728e-001 -1.2356214e-001  3.7186311e-001  7.9018659e-001  5.3270103e-001  5.6443570e-001  2.6876617e-001 -2.6241562e-002
  1.4965888e-001  2.3519245e-001 -8.5533573e-002  3.8078750e-001  5.4943515e-001  7.5005433e-002  9.3852549e-001  6.6877965e-001 -3.1429401e-002
  6.1718114e-001  9.4463788e-001 -3.2745674e-001  9.5828937e-001  8.2978219e-001  9.8503141e-001  3.0406485e-001  9.9841639e-002 -2.7128747e-002
  6.4686165e-001  3.6608527e-002  6.1025313e-001  8.8194599e-001  1.7505934e+000  3.1665359e-002  8.4580649e-001  7.7421232e-001  8.2709498e-001
  9.2696552e-001  4.2453619e-001  5.0242932e-001  2.0282739e-001  1.5330080e+000  6.7200078e-001  5.0836931e-001  7.1985684e-003  5.5445403e-003
  6.5885405e-002  3.9471566e-001 -3.2883025e-001  8.7886378e-002 -2.5140831e-002  4.0860320e-001  9.8236135e-001  6.1264142e-001  5.0647470e-003
  9.4818013e-001  5.9349385e-001  3.5468628e-001  4.5809484e-001  1.5196500e+000  3.5551045e-001  3.3174725e-001  2.7604988e-001  1.4879061e-001
  4.8425671e-002  9.4144514e-001 -8.9301947e-001  1.2217138e-001 -5.4015062e-001  2.5703870e-001  4.1817572e-001  4.0816319e-001  1.9688364e-001
  1.7045316e-001  5.5018604e-001 -3.7973288e-001  8.0668099e-001  5.3445269e-001  2.9364629e-001  8.5826618e-001  9.8394998e-001 -1.9969192e-001
  5.3148400e-001  2.6023614e-001  2.7124785e-001  1.4373884e-001  9.2409859e-001  2.7493777e-001  4.8401000e-001  8.6398750e-001  2.1656690e-001
  1.4135131e-001  6.5384512e-001 -5.1249381e-001  2.3119383e-001 -1.1321159e-002  2.4772621e-001  9.9186809e-001  9.3499218e-001  5.4248470e-003
  2.5560479e-001  5.4277912e-001 -2.8717433e-001  7.0694850e-001  5.9162161e-001  3.0381066e-001  6.1128427e-001  3.0254680e-001 -5.1402260e-002
  8.9097056e-001  7.6097908e-001  1.2999148e-001  7.7873317e-001  1.3840097e+000  7.4398508e-001  3.0953851e-001  3.9894806e-001  7.1774536e-002
  7.1982317e-001  6.8091114e-001  3.8912024e-002  6.8818017e-001  1.1372406e+000  2.2382335e-001  7.1568949e-001  5.6166481e-001  2.4854978e-002
  3.9868049e-001  5.1393278e-001 -1.1525229e-001  1.1836782e-001  4.1135379e-001  5.1051632e-001  1.6170574e-001  1.2094246e-001 -5.7338172e-003
  4.0506813e-002  4.2847500e-001 -3.8796819e-001  6.6667892e-001  4.2954005e-001  6.1515499e-001  2.0991192e-001  2.5783686e-001 -4.2967964e-002
  9.7467691e-001  8.4488920e-001  1.2978772e-001  5.1709485e-001  1.3410226e+000  2.6120796e-001  1.6301060e-001  8.5473177e-001  1.4876458e-001
  6.8452697e-001  7.4189732e-001 -5.7370347e-002  5.0043059e-002  6.6278258e-001  9.1057804e-001  3.1984675e-001  1.7836413e-001 -6.7821297e-003
  4.4450059e-001  5.2525969e-001 -8.0759104e-002  9.0893980e-001  9.7115371e-001  7.6565898e-002  6.2435582e-001  9.4610639e-001 -7.4202654e-002
  8.1210095e-001  1.2613738e-001  6.8596357e-001  8.9187421e-001  1.9315085e+000  4.9464487e-001  6.2292562e-002  8.7894593e-001  1.1645545e+000
  9.1048714e-001  1.0871094e-001  8.0177620e-001  1.1673326e-001  1.7742576e+000  2.9048022e-002  2.0490924e-001  7.0148878e-001  9.9790815e-001
  2.0356585e-001  4.2937189e-001 -2.2580603e-001  4.2466237e-001  4.5691018e-001  5.3388519e-001  6.5093267e-001  4.2332607e-001 -4.3675853e-002
  5.8385618e-001  4.5778825e-001  1.2606793e-001  6.0565552e-001  1.0989726e+000  3.6842554e-001  2.3632045e-001  6.2225976e-001  8.6211106e-002
  9.5740803e-001  8.4072411e-001  1.1668393e-001  3.8030588e-001  1.2555149e+000  1.7791228e-001  1.6792193e-001  9.4655112e-001  1.3866824e-001
  2.7469586e-001  9.0233738e-001 -6.2764152e-001  2.5188695e-001 -5.5501013e-002  2.4298177e-001  2.6111313e-001  4.4439543e-001  1.5480399e-002
  3.5484670e-001  6.4040189e-001 -2.8555519e-001  7.7445806e-001  6.6332533e-001  5.6925984e-001  2.6246864e-001  9.9178779e-001 -1.8786047e-001
  9.3963201e-001  7.7833467e-001  1.6129734e-001  9.6719090e-001  1.5214809e+000  6.6242807e-002  7.4649310e-001  8.3811953e-001  2.0568360e-001
  5.5774435e-001  1.9512475e-001  3.6261959e-001  5.3716498e-001  1.2836211e+000  2.0178456e-001  1.2457883e-001  4.8816775e-001  2.2722557e-001
  6.3059746e-001  6.8366673e-001 -5.3069271e-002  7.7678057e-001  1.0306437e+000  8.3904000e-001  4.5644319e-001  9.1621140e-001 -5.0112648e-002
  8.2332220e-001  7.1142271e-001  1.1189949e-001  1.3628572e-001  1.0141994e+000  7.2399104e-001  5.9018727e-001  1.9942986e-001  2.2632975e-002
  8.9488215e-001  7.5734651e-001  1.3753563e-001  3.1137475e-001  1.1921393e+000  7.6193335e-001  8.4240770e-001  4.8691889e-001  7.9836014e-002
  3.9866614e-001  7.9294822e-001 -3.9428208e-001  2.1205180e-001  2.1480452e-001  3.2308711e-001  8.6643045e-001  6.0121785e-001 -5.0919288e-002
  4.5744060e-001  6.7250268e-001 -2.1506208e-001  7.3127454e-001  7.5474534e-001  7.1912027e-001  7.1710844e-001  5.5746427e-001 -9.0485986e-002
  4.7848334e-001  1.1967141e-001  3.5881193e-001  8.4955969e-001  1.3973234e+000  2.1256630e-001  8.4696303e-001  8.7294947e-001  4.3767618e-001
  4.0013970e-001  7.1263702e-001 -3.1249732e-001  4.9890732e-001  4.9930259e-001  2.9511989e-001  1.3849166e-001  7.4221194e-001 -1.1580787e-001
  8.4401778e-001  3.7452270e-001  4.6949507e-001  6.6944856e-001  1.6450012e+000  3.1612588e-001  1.3420414e-001  3.2514326e-001  2.5111462e-001
  3.4080995e-001  2.3064914e-001  1.1016081e-001  4.3009178e-001  8.4924348e-001  1.9391062e-001  2.6343571e-001  4.3532530e-002  4.0726139e-003
  4.4531743e-001  7.7536574e-001 -3.3004831e-001  2.2552891e-001  3.2097897e-001  2.6986300e-001  2.5714580e-001  3.5440654e-001 -3.7545322e-002
  5.0638945e-001  4.4275289e-001  6.3636556e-002  2.9834149e-001  8.0846658e-001  6.2050554e-002  1.3444426e-001  7.5981956e-001  3.9091219e-002
  3.4727968e-001  7.1875003e-001 -3.7147035e-001  9.9478108e-001  6.8464719e-001  4.2061039e-001  8.6352499e-001  9.6677810e-001 -2.4587693e-001
  9.8292135e-001  9.7195273e-001  1.0968615e-002  8.1991593e-001  1.3474005e+000  8.4774803e-001  5.8184655e-001  7.7117688e-001  1.1397314e-002
  6.7787029e-001  8.5271605e-001 -1.7484576e-001  3.1322548e-001  7.0420692e-001  3.5117031e-001  9.4109847e-001  2.8572914e-001 -3.5181141e-002
  1.8939836e-001  3.0530672e-001 -1.1590837e-001  9.3648404e-001  8.7017265e-001  9.2537006e-001  4.9750817e-001  3.6258108e-001 -3.6570033e-002
  2.4542229e-001  9.4391734e-001 -6.9849505e-001  7.0214841e-001  1.7464899e-001  6.6851410e-001  7.1285907e-001  7.3545874e-001 -8.9719682e-002
  9.7089983e-002  9.4116157e-001 -8.4407159e-001  8.6203485e-001  8.9449334e-002  5.6511749e-001  6.1597370e-002  2.2507457e-001 -1.6993499e-002
  6.4390318e-001  4.5912802e-001  1.8477515e-001  1.1063389e-001  9.0951317e-001  1.7084266e-001  4.5270175e-002  9.0626604e-001  1.5230293e-001
  9.7309854e-001  7.8275755e-001  1.9034099e-001  2.3098303e-001  1.2756538e+000  4.8996155e-001  9.3019556e-001  1.6681231e-002  4.0503564e-003
  6.7499533e-001  4.3542700e-001  2.3956833e-001  4.7519469e-001  1.2043550e+000  9.4527141e-001  6.2756216e-003  7.8070271e-001  2.2525251e-001
  5.4678873e-001  5.4299717e-001  3.7915595e-003  9.1801464e-001  1.1069654e+000  6.8060461e-001  3.8899748e-001  6.2802741e-001  2.6359097e-003
  5.9160328e-001  6.5881246e-001 -6.7209176e-002  6.0086057e-001  9.0790877e-001  8.6798186e-001  4.6812439e-001  4.7603355e-001 -2.9047472e-002
  7.0257531e-001  5.3874883e-001  1.6382648e-001  2.5430171e-001  1.0286466e+000  9.7380419e-001  2.8468325e-001  9.7721279e-004  1.6467945e-004
  1.1607266e-001  3.9085752e-002  7.6986908e-002  4.4321475e-001  7.5277357e-001  4.3240044e-001  8.5306759e-001  7.3514806e-002  4.2604557e-003
  9.6961411e-002  2.4672355e-001 -1.4976214e-001  1.6408738e-001  2.6675784e-001  7.8603544e-001  4.5615037e-001  4.5856326e-001 -1.8319706e-002
  6.2485826e-001  6.4158903e-001 -1.6730770e-002  5.8908867e-001  9.7298460e-001  5.9789396e-001  2.0213295e-001  5.9220031e-001 -9.6402994e-003
  8.8577486e-001  1.7543189e-001  7.1034297e-001  5.2420812e-001  1.8543732e+000  6.5445809e-001  8.3408016e-001  4.1725410e-001  5.4962420e-001
  1.3702482e-001  8.5584962e-001 -7.1882481e-001  7.4607659e-001  1.5573359e-001  6.1300966e-002  2.2504710e-003  7.0238997e-001 -7.8629164e-002
  6.5479688e-001  4.3209660e-001  2.2270028e-001  1.4479489e-001  9.8003366e-001  3.5624439e-001  8.5296921e-001  6.9460317e-001  1.5159976e-001
  8.1233856e-001  9.5123957e-001 -1.3890100e-001  7.9755276e-001  1.0683466e+000  4.6125877e-001  4.6909011e-001  6.1749503e-001 -9.1632811e-002
  5.5000773e-001  6.1322592e-001 -6.3218192e-002  1.6374424e-001  6.1960883e-001  3.3872692e-001  7.3023546e-001  4.0903227e-001 -1.6022019e-002
  4.1368868e-001  6.2814729e-001 -2.1445861e-001  2.1897221e-001  4.1012968e-001  3.9554828e-002  5.6304483e-001  3.6093004e-001 -3.1745905e-002
  2.7807887e-001  8.6034222e-001 -5.8226335e-001  1.9230590e-002 -2.7152480e-001  4.0077249e-001  2.9989363e-002  1.2957208e-002  2.0485209e-003
  6.7370457e-001  9.1742455e-001 -2.4371997e-001  7.5484660e-001  8.5570008e-001  8.4449304e-001  8.7284452e-001  9.6518975e-001 -2.0129148e-001
  6.0740110e-001  5.5192668e-001  5.5474424e-002  4.1468730e-001  9.4069948e-001  4.5646932e-001  4.3840123e-001  1.4037392e-001  7.3253796e-003
  6.2840478e-001  8.1966899e-001 -1.9126421e-001  4.0136402e-001  7.0106790e-001  8.0122618e-001  7.1523742e-001  2.1987042e-001 -2.9482248e-002
  1.4870734e-001  4.5698951e-001 -3.0828217e-001  8.1125841e-001  6.0461009e-001  3.7758507e-001  6.6308504e-002  3.1377628e-001 -5.8484921e-002
  5.4995601e-002  9.6996756e-001 -9.1497196e-001  3.4907341e-002 -7.2021094e-001  5.5841904e-001  9.4221843e-001  8.9000206e-001  5.8648716e-001
  1.2670125e-001  5.8604463e-003  1.2084081e-001  6.8676009e-001  9.5918041e-001  4.0292664e-001  7.8346800e-001  1.1326611e-001  1.3128464e-002
  4.0139366e-001  9.3339652e-002  3.0805401e-001  2.5392534e-001  9.5229170e-001  7.4095797e-001  9.5063723e-001  1.6009182e-001  4.6964101e-002
  5.2331748e-001  8.9395888e-001 -3.7064139e-001  3.1007584e-001  3.9351633e-001  7.9172446e-001  3.7333307e-001  5.2484105e-002 -7.6549873e-003
  1.9865445e-001  8.6572367e-001 -6.6706922e-001  4.8396197e-001  5.6412338e-002  6.5255286e-001  5.7097043e-001  8.0657328e-001 -3.0352106e-002
  4.6590102e-001  4.0513169e-001  6.0769331e-002  8.2770039e-001  1.0829064e+000  9.8587159e-001  1.9386026e-002  8.2019458e-001  5.3974951e-002
  7.5840690e-001  3.2385632e-001  4.3455058e-001  4.3527727e-001  1.4397661e+000  9.8281163e-001  4.8521366e-001  3.4796066e-001  2.1770201e-001
  4.1139874e-001  2.3307389e-001  1.7832485e-001  3.1552173e-001  8.7457958e-001  4.4767622e-001  1.9900368e-001  9.9710482e-001  1.5550774e-001
  8.3384974e-001  2.3855249e-001  5.9529725e-001  7.0501729e-001  1.7786495e+000  9.8034858e-001  3.6454754e-001  2.7819384e-001  2.9455864e-001
  4.5595208e-001  9.5655724e-001 -5.0060515e-001  5.3834639e-001  3.6324593e-001  8.4589905e-001  3.6418875e-001  4.8420570e-001 -8.8049312e-002
  9.1271360e-001  6.1974279e-001  2.9297081e-001  1.3137407e-001  1.2750198e+000  3.5629797e-002  5.3743880e-001  7.8323053e-001  2.9257073e-001
  9.7347264e-002  5.7171614e-002  4.0175651e-002  7.6119076e-001  9.1805221e-001  4.2376838e-001  7.6739760e-001  1.6072111e-001  5.9279321e-003
  9.1925025e-001  7.0454490e-001  2.1470534e-001  4.1157731e-001  1.3356863e+000  9.5803700e-001  8.8938230e-001  8.7119110e-001  2.4983930e-001
  6.2062096e-001  2.6540558e-001  3.5521538e-001  7.5960607e-001  1.4251576e+000  8.0904306e-001  2.3085574e-002  7.6492790e-001  3.8723550e-001
  3.2796774e-001  1.3647479e-001  1.9149295e-001  1.6080623e-001  7.0953646e-001  2.9951004e-001  5.8731608e-001  4.9404174e-001  6.7126060e-002
  2.2898145e-001  6.4787296e-001 -4.1889150e-001  6.6380784e-001  4.2741834e-001  2.2598088e-001  1.6308397e-002  6.0035474e-001 -1.0748866e-001
  4.8292794e-001  4.6633475e-001  1.6593192e-002  9.8588709e-002  5.9262106e-001  1.7859993e-001  4.6481222e-002  6.3297244e-002  6.2243188e-004
  9.4503807e-002  2.4233460e-001 -1.4783080e-001  7.7165207e-001  7.3567531e-001  3.8715495e-001  3.8099281e-001  2.1573510e-001 -2.3462372e-002
  9.2103350e-001  9.4744939e-001 -2.6415886e-002  2.2536291e-002  9.0677166e-001  2.4547118e-001  6.7835783e-001  1.6772079e-001 -4.0174459e-003
  4.0068134e-001  4.7526449e-001 -7.4583149e-002  2.8767607e-001  5.9491039e-001  4.9791249e-001  5.1825464e-001  4.8218876e-002 -2.1394855e-003
  4.4389651e-001  4.5034631e-001 -6.4498043e-003  7.0588630e-001  9.4377670e-001  4.0731402e-001  9.3418103e-001  5.4119550e-001 -3.2943518e-003
  6.7066916e-002  7.7943638e-001 -7.1236946e-001  8.1219255e-001  1.9133985e-001  7.9486351e-001  9.5650304e-001  9.4912851e-001 -1.2937064e-001
  5.3574528e-001  4.8763528e-001  4.8109999e-002  7.2118822e-001  1.0522072e+000  5.6357838e-001  8.1580834e-001  2.9139251e-001  1.4750781e-002
  5.5404257e-001  1.2108108e-001  4.3296149e-001  8.2492026e-001  1.4968616e+000  6.3622669e-001  4.1343194e-001  4.7846493e-001  3.1008520e-001
  2.6068673e-001  8.0583150e-001 -5.4514476e-001  8.8893102e-001  4.3306206e-001  1.2972597e-001  7.9305808e-002  2.5176398e-001 -5.9436822e-002
  9.0953666e-001  1.8857524e-001  7.2096142e-001  3.4369567e-001  1.8030670e+000  4.2283426e-001  2.6715781e-003  3.2018034e-001  4.1621580e-001
  1.2073314e-002  4.3964355e-001 -4.2757024e-001  4.7279913e-001  2.6013965e-001  4.1235700e-001  5.4204055e-001  6.1329765e-001 -6.8215854e-002
  7.2530699e-001  5.0743859e-001  2.1786839e-001  6.7298839e-001  1.3128837e+000  2.3445329e-001  6.1149314e-001  7.3641222e-001  2.1064031e-001
  8.5652395e-001  5.0078175e-001  3.5574221e-001  1.1018472e-001  1.2743379e+000  3.3502048e-001  8.6204987e-001  9.9137628e-001  4.4942633e-001
  5.2305074e-001  6.2517466e-001 -1.0212392e-001  1.3725095e-001  5.3883867e-001  6.0666693e-001  3.5612454e-001  1.9830611e-002 -1.0912451e-003
  5.9264599e-001  9.2609389e-001 -3.3344789e-001  8.3896984e-001  7.5751458e-001  5.0013320e-001  8.4719804e-001  9.0689972e-001 -2.2907529e-001
  4.9586693e-001  8.5733204e-003  4.8729361e-001  3.9394985e-001  1.2871898e+000  8.1881469e-001  4.5201935e-001  7.3418362e-001  4.6050885e-001
  6.0924198e-002  9.8308962e-001 -9.2216542e-001  8.3041237e-001 -8.8614623e-003  2.3787202e-001  7.5616761e-001  1.6884928e-001  1.3797914e-003
  6.3954994e-001  1.9784356e-001  4.4170638e-001  2.1536333e-002  1.0978774e+000  3.6150847e-001  8.3080932e-001  9.4247145e-001  4.5704161e-001
  3.2056371e-001  3.5542679e-001 -3.4863087e-002  9.7457209e-001  1.0030835e+000  4.6116989e-001  4.8554769e-001  2.3815584e-001 -8.3284501e-003
  9.9312399e-001  9.8567615e-001  7.4478380e-003  1.0611133e-001  1.0526304e+000  7.4187316e-001  5.6452390e-001  9.3599072e-001  7.3379994e-003
  2.3743097e-001  4.8322352e-001 -2.4579255e-001  7.1584351e-001  6.3296621e-001  6.6401682e-001  2.4455259e-001  3.4041872e-001 -5.2961793e-002
  6.4778943e-001  1.6796381e-001  4.7982562e-001  9.5645740e-001  1.6528936e+000  1.0536749e-001  9.2453803e-001  2.4682489e-001  1.9575700e-001
  1.8225112e-001  9.5861138e-001 -7.7636027e-001  8.3600356e-001  1.5595890e-001  9.9108670e-002  4.6742867e-001  6.1856705e-001 -7.4896280e-002
  3.1376936e-001  9.7670327e-001 -6.6293391e-001  3.9802353e-001  4.1675726e-002  6.6081342e-001  6.4505802e-001  9.2496703e-001 -2.5555222e-002
  5.4470206e-001  3.0448379e-001  2.4021827e-001  7.8162649e-001  1.2786434e+000  6.8103435e-001  9.3007343e-001  6.3687426e-001  1.9561817e-001
  3.1985741e-001  6.6634820e-001 -3.4649079e-001  4.7152396e-001  4.1102668e-001  6.6733936e-001  3.4789536e-001  9.7918209e-001 -1.3945214e-001
  1.0305657e-001  1.5502593e-001 -5.1969362e-002  3.2632155e-001  5.2849787e-001  4.6227866e-001  3.5623613e-001  8.0214342e-001 -2.2031428e-002
  7.6075157e-001  4.2895057e-001  3.3180100e-001  2.3838273e-001  1.2357510e+000  9.4593213e-001  7.5821096e-001  4.8254129e-001  1.9785323e-001
